1397129
1398619
1397119
1397120
1397121
1397122
1397123
1397124
1397125
1397126
1397117
1397128
1397116
1397130
1397131
1397132
1397133
1397134
1397135
1397136
1397137
1397138
1397139
1397127
1397105
1387131
1387132
1387133
1390863
1390864
1390865
1397100
1397101
1397102
1397118
1397104
1397142
1397106
1397107
1397108
1397109
1397110
1397111
1397112
1397113
1397114
1397115
1397103
1398608
1397167
1397168
1397169
1398600
1398601
1398602
1398603
1398604
1398605
1397140
1398607
1397164
1398609
1398610
1398611
1398612
1398613
1398614
1398615
1398616
1398617
1307128
1398606
1397154
1387128
1397143
1397144
1397145
1397146
1397147
1397148
1397149
1397150
1397151
1397166
1397153
1397165
1397155
1397156
1397157
1397158
1397159
1397160
1397161
1397162
1397163
1397141
1397152
1321276
1320715
1320716
1320717
1320718
1320719
1321270
1321271
1321272
1321273
1323717
1321275
1320712
1321277
1321278
1321279
1323710
1323711
1323712
1323713
1323714
1323715
1387130
1321274
1316462
1312505
1312506
1312507
1312508
1312509
1312510
1316416
1316417
1316418
1316419
1320714
1316461
1320713
1316463
1316464
1316465
1316466
1316467
1316468
1316469
1320710
1320711
1323718
1316460
1387118
1302630
1302631
1302632
1302633
1302634
1302635
1302636
1302637
1302638
1323716
1387117
1302617
1387119
1387120
1387121
1387122
1387123
1387124
1387125
1387126
1387127
1398620
1302639
1326051
1323719
1324710
1324711
1324712
1324713
1324714
1324715
1324716
1324717
1324718
1302619
1326050
1302618
1326052
1326053
1326054
1326055
1302612
1302613
1302614
1302615
1302616
1387129
1324719
1374071
1398618
1372030
1372031
1372032
1372033
1372034
1372035
1372036
1372037
1372028
1372039
1372027
1374072
1379700
1379701
1379702
1379703
1379704
1379705
1379706
1387134
1387135
1372038
1372017
1370716
1370717
1370718
1370719
1372010
1372011
1372012
1372013
1372014
1372029
1372016
1387138
1372018
1372019
1372020
1372021
1372022
1372023
1372024
1562370
1372025
1372026
1372015
1303717
1303613
1303614
1303615
1303616
1303710
1303711
1303712
1303713
1303714
1387136
1303716
1303610
1303718
1303719
1307120
1307121
1307122
1307123
1307124
1307125
1307126
1334358
1303715
1302715
1370713
1387139
1387140
1387141
1387142
1387143
1387144
1302710
1302711
1302712
1303612
1302714
1303611
1302716
1302717
1302718
1302719
1303510
1303511
1303512
1303513
1303514
1387137
1302713
1355447
1355436
1355437
1355438
1355439
1355440
1355441
1355442
1355443
1355444
1355465
1355446
1355433
1355448
1355449
1355450
1355451
1355452
1355453
1355454
1355462
1355463
1370715
1355445
1399553
1398621
1398622
1398623
1398624
1398625
1398626
1398627
1398628
1398629
1399550
1355435
1399552
1355434
1399554
1399555
1399556
1399557
1399558
1399559
1399560
1399561
1399562
1355466
1399551
1366727
1362720
1362721
1362722
1362723
1362724
1362725
1362726
1362727
1366724
1355464
1366726
1362712
1366728
1366729
1369732
1369733
1369734
1369735
1370710
1370711
1370712
1312502
1366725
1360719
1355467
1355468
1355469
1360710
1360711
1360712
1360713
1360714
1360715
1360716
1362714
1360718
1362713
1361860
1361861
1361862
1361863
1361864
1361865
1361866
1362710
1362711
1370714
1360717
1354527
1312504
1354517
1354518
1354519
1354520
1354521
1354522
1354523
1354524
1354515
1354526
1341969
1354528
1354529
1354534
1354535
1354536
1354537
1354538
1354539
1354586
1354587
1354525
1341958
1340717
1340718
1340719
1341950
1341951
1341952
1341953
1341954
1341955
1354516
1341957
1354590
1341959
1341960
1341961
1341962
1341963
1341964
1341965
1341966
1341967
1341968
1341956
1355422
1300615
1300616
1300617
1300618
1300619
1300630
1355417
1355418
1355419
1354588
1355421
1300612
1355423
1355424
1355425
1355426
1355427
1355428
1355429
1355430
1355431
1355432
1355420
1355410
1340714
1354591
1355400
1355401
1355402
1355403
1355404
1355405
1355406
1355407
1300614
1355409
1300613
1355411
1355412
1355413
1355414
1355415
1355416
1300071
1300610
1300611
1354589
1355408
1897103
1890716
1890717
1890718
1890719
1890862
1890863
1890864
1890865
1897100
1897114
1897102
1890713
1897104
1897105
1897106
1897107
1897108
1897109
1897110
1897111
1897112
1340716
1897101
1533726
1334983
1334984
1334985
1334986
1533718
1533719
1533720
1533721
1533722
1533723
1890715
1533725
1890714
1533727
1533728
1533729
1533782
1534710
1534711
1890710
1890711
1890712
1897115
1533724
1899560
1898629
1899550
1899551
1899552
1899553
1899554
1899555
1899556
1899557
1897113
1899559
1898626
1899561
1899562
1899563
1899564
1899565
1340710
1340711
1340712
1340713
1362860
1899558
1897128
1897116
1897117
1897118
1897119
1897120
1897121
1897122
1897123
1897124
1897125
1898628
1897127
1898627
1898617
1898618
1898619
1898620
1898621
1898622
1898623
1898624
1898625
1340715
1897126
1301804
1301643
1301644
1301645
1301646
1301647
1301648
1301649
1301800
1301801
1307273
1301803
1301640
1301805
1301806
1301807
1301808
1301809
1302610
1302611
1307270
1307271
1387115
1301802
1300712
1362728
1300631
1300632
1300633
1300634
1300635
1300636
1300637
1300638
1300639
1301642
1300711
1301641
1300713
1300714
1300715
1300716
1300717
1300718
1300719
1301071
1301077
1307274
1300710
1310071
1310060
1310061
1310062
1310063
1310064
1310065
1310066
1310067
1310068
1307272
1310070
1309887
1310072
1311434
1311435
1311436
1311437
1311438
1311439
1312500
1312501
1307129
1310069
1308067
1307275
1307276
1307277
1307278
1307279
1308060
1308061
1308062
1308063
1308064
1309889
1308066
1309888
1308068
1308069
1309880
1309881
1309882
1309883
1309884
1309885
1309886
1387114
1308065
1365982
1365721
1365722
1365723
1365724
1365725
1365726
1365727
1365728
1365729
1387145
1365981
1364722
1365983
1365984
1365985
1365986
1365987
1365988
1365989
1366710
1366711
1387116
1365980
1363862
1312503
1362861
1362862
1362863
1362864
1362865
1362866
1362867
1362868
1362869
1365720
1363861
1364723
1363863
1363864
1363865
1363866
1363867
1363868
1363869
1364720
1364721
1366715
1363860
1387103
1380862
1380863
1380864
1380865
1380866
1380867
1380868
1380869
1387100
1366713
1387102
1380719
1387104
1387105
1387106
1387107
1387108
1387109
1387110
1387111
1387112
1387113
1387101
1380074
1366716
1366717
1366718
1366719
1366720
1366721
1366722
1366723
1379707
1379708
1380861
1380027
1380860
1380710
1380711
1380712
1380713
1380714
1380715
1380716
1380717
1380718
1362729
1379709
1592721
1582761
1592731
1592730
1592729
1592728
1592727
1592726
1592725
1592724
1592733
1592722
1592734
1592720
1592719
1592718
1592717
1592716
1592715
1592714
1592713
1592712
1592711
1592723
1592745
1592756
1592755
1592754
1592753
1592752
1592751
1592750
1592749
1592748
1592732
1592746
1592708
1592744
1592743
1592742
1592741
1592740
1592739
1592738
1592737
1592736
1592735
1592747
1587137
1587148
1587147
1587146
1587145
1587144
1587143
1587142
1587141
1587140
1592710
1587138
1587169
1587136
1587135
1582769
1582768
1582767
1582766
1582765
1582764
1582763
1307127
1587139
1592646
1592759
1592707
1592706
1592705
1592704
1592703
1592702
1592701
1592700
1592649
1587149
1592647
1587168
1592645
1592644
1592643
1592642
1592641
1587173
1587172
1587171
1587170
1592709
1592648
1507140
1507231
1507230
1507149
1507148
1507147
1507146
1507145
1507144
1507143
1597294
1507141
1507234
1507139
1507138
1507137
1507136
1507135
1507134
1507133
1507132
1597296
1592757
1507142
1507244
1510276
1510275
1510274
1510273
1510272
1510271
1510270
1507249
1507248
1507247
1507232
1507245
1507233
1507243
1507242
1507241
1507240
1507239
1507238
1507237
1507236
1507235
1597293
1507246
1592769
1597200
1597150
1597149
1597148
1597147
1597146
1597145
1597144
1597143
1597295
1597141
1597203
1592768
1592767
1592766
1592765
1592764
1592763
1592762
1592761
1592760
1582760
1597142
1597213
1597292
1597291
1597290
1597222
1597221
1597220
1597219
1597218
1597217
1597216
1597201
1597214
1597202
1597212
1597211
1597210
1597209
1597208
1597207
1597206
1597205
1597204
1592758
1597215
1500276
1582762
1500716
1500715
1500714
1500713
1500712
1500711
1500710
1500279
1500718
1500277
1500719
1500275
1500274
1500273
1500272
1500271
1500270
1399569
1399568
1399567
1399566
1500278
1507110
1507121
1507120
1507119
1507118
1507117
1507116
1507115
1507114
1507113
1500717
1507111
1399563
1507109
1507108
1507107
1507106
1507105
1507104
1507103
1507102
1507101
1507100
1507112
1387156
1388607
1388606
1388605
1388604
1388603
1388602
1388601
1388600
1387159
1399565
1387157
1388610
1387155
1387154
1387153
1387152
1387151
1387150
1387149
1387148
1387147
1387146
1387158
1390071
1507124
1390862
1390719
1390718
1390717
1390716
1390715
1390714
1390713
1390712
1388608
1390710
1388609
1388619
1388618
1388617
1388616
1388615
1388614
1388613
1388612
1388611
1399564
1390711
1520719
1582734
1582733
1582732
1527187
1527186
1527185
1527184
1527183
1527182
1520278
1527180
1582737
1520718
1520717
1520716
1520715
1520714
1520713
1520712
1520711
1520710
1507122
1527181
1582747
1582759
1582758
1582757
1582756
1582755
1582754
1582753
1582752
1582751
1582750
1582735
1582748
1582736
1582746
1582745
1582744
1582743
1582742
1582741
1582740
1582739
1582738
1520277
1582749
1517145
1517236
1517235
1517234
1517233
1517232
1517231
1517150
1517149
1517148
1520279
1517146
1517239
1517144
1517143
1507131
1507130
1507129
1507128
1507127
1507126
1507125
1510279
1517147
1517249
1520276
1520275
1520274
1520273
1520272
1520271
1520270
1517254
1517253
1517252
1517237
1517250
1517238
1517248
1517247
1517246
1517245
1517244
1517243
1517242
1517241
1517240
1507123
1517251
1552747
1510277
1552737
1552738
1552739
1552740
1552741
1552742
1552743
1552744
1552735
1552746
1552734
1552748
1552749
1552750
1552751
1552752
1552753
1552754
1552755
1552756
1552757
1552745
1329653
1329412
1329413
1329414
1329415
1329416
1329417
1329418
1329419
1329650
1552736
1329652
1552760
1329654
1329655
1329656
1329657
1329658
1329659
1329660
1329661
1329662
1329663
1329651
1562327
1552785
1552786
1552787
1552788
1552789
1552790
1552791
1552792
1552793
1552758
1562326
1552782
1562328
1562329
1562330
1562331
1562332
1562333
1562334
1562335
1562336
1562337
1562325
1552772
1327799
1552761
1552762
1552763
1552764
1552765
1552766
1552767
1552768
1552769
1552784
1552771
1552783
1552773
1552774
1552775
1552776
1552777
1552778
1552779
1552780
1552781
1552759
1552770
1316322
1314711
1314712
1314713
1314714
1314715
1314716
1314717
1314718
1314719
1316333
1316321
1313568
1316323
1316324
1316325
1316326
1316327
1316328
1316329
1316330
1316331
1329411
1316320
1312993
1312511
1312512
1312513
1312514
1312515
1312516
1312517
1312518
1312519
1312990
1314710
1312992
1313569
1312994
1312995
1312996
1312997
1312998
1312999
1313565
1313566
1313567
1316334
1312991
1327709
1326470
1326471
1326472
1326473
1326474
1327703
1327704
1327705
1327706
1316332
1327708
1326067
1327790
1327791
1327792
1327793
1327794
1327795
1327796
1327797
1327798
1562340
1327707
1326057
1316335
1316336
1316337
1316338
1316339
1316410
1316411
1316412
1316413
1316414
1326069
1326056
1326068
1326058
1326059
1326060
1326061
1326062
1326063
1326064
1326065
1326066
1329410
1316415
1582719
1582730
1582729
1582728
1582727
1582726
1582725
1582724
1582723
1582722
1582708
1582720
1587175
1582718
1582717
1582716
1582715
1582714
1582713
1582712
1582711
1582710
1590276
1582721
1587237
1562338
1590274
1590273
1590272
1590271
1590270
1587243
1587242
1587241
1587240
1582731
1587238
1587174
1587236
1587235
1587182
1587181
1587180
1587179
1587178
1587177
1587176
1582707
1587239
1510719
1580271
1580270
1527194
1527193
1527192
1527191
1527190
1527189
1527188
1582709
1517141
1580274
1510718
1510717
1510716
1510715
1510714
1510713
1510712
1510711
1510710
1366712
1517142
1580714
1582706
1582705
1582704
1582703
1582702
1582701
1582700
1580719
1580718
1580717
1580272
1580715
1580273
1580713
1580712
1580711
1580710
1580279
1580278
1580277
1580276
1580275
1590277
1580716
1880273
1562365
1562366
1562367
1562368
1562369
1880279
1880278
1880277
1880276
1599742
1880274
1562362
1880272
1880271
1880270
1599749
1599748
1599747
1599746
1599745
1599744
1590275
1880275
1562352
1510278
1562341
1562342
1562343
1562344
1562345
1562346
1562347
1562348
1562349
1562364
1562351
1562363
1562353
1562354
1562355
1562356
1562357
1562358
1562359
1562360
1562361
1599741
1562350
1590718
1592629
1592628
1592627
1592626
1592625
1592624
1592623
1592622
1592621
1599743
1590719
1592632
1590717
1590716
1590715
1590714
1590713
1590712
1590711
1590710
1590279
1590278
1592620
1597298
1599740
1599429
1599428
1599427
1599426
1599425
1599424
1599423
1599422
1599421
1592630
1597299
1592631
1597297
1592640
1592639
1592638
1592637
1592636
1592635
1592634
1592633
1562339
1599420
1567159
1562918
1567166
1567165
1567164
1567163
1567162
1569714
1567160
1569715
1567158
1567157
1567156
1567155
1567154
1334995
1567161
1860273
1562324
1334993
1334992
1334991
1334990
1334989
1567168
1334987
1562917
1860272
1860271
1860270
1569718
1569717
1569716
1334988
1562391
1562919
1562398
1562397
1562396
1562395
1562394
1562900
1562392
1562901
1562390
1562389
1562388
1562387
1562386
1532715
1562393
1562908
1562916
1562915
1562914
1562913
1562912
1562911
1562399
1562909
1334996
1562907
1562906
1562905
1562904
1562903
1562902
1562910
1339713
1339606
1530710
1339719
1339718
1339717
1339716
1530712
1339714
1530713
1339712
1339711
1339710
1339609
1339608
1334994
1339715
1530862
1532714
1532713
1532712
1532711
1532710
1530865
1530711
1530863
1339605
1530719
1530718
1530717
1530716
1530715
1530714
1530864
1336727
1339607
1338528
1337789
1337788
1337787
1337786
1338751
1336728
1338752
1336726
1336725
1336724
1334999
1334998
1334997
1337785
1338759
1339604
1338766
1338765
1338764
1338763
1338762
1338750
1338760
1562323
1338758
1338757
1338756
1338755
1338754
1338753
1338761
1329798
1329791
1552705
1552704
1552703
1552702
1552701
1552707
1329799
1552708
1329797
1329796
1329795
1329794
1329793
1552724
1552700
1552715
1562385
1552722
1552721
1552720
1552719
1552718
1552706
1552716
1329790
1552714
1552713
1552712
1552711
1552710
1552709
1552717
1562375
1329792
1562382
1562381
1562380
1562379
1562378
1562384
1562376
1329664
1562374
1562373
1562372
1562371
1366714
1334349
1562377
1329701
1329709
1329708
1329707
1329706
1329705
1329704
1562383
1329702
1552725
1329700
1329669
1329668
1329667
1329666
1329665
1329703
1560863
1560714
1562304
1562303
1562302
1562301
1562300
1562306
1560864
1562307
1560862
1560719
1560718
1560717
1560716
1552723
1560865
1562314
1562322
1562321
1562320
1562319
1562318
1562317
1562305
1562315
1560713
1562313
1562312
1562311
1562310
1562309
1562308
1562316
1552732
1560715
1552799
1552798
1552797
1552796
1552795
1554905
1552733
1554906
1552731
1552730
1552729
1552728
1552727
1552726
1552794
1554944
1560712
1560711
1560710
1554949
1554948
1554947
1554904
1554945
1567169
1554943
1554942
1554941
1554940
1554908
1554907
1554946
1348707
1347703
1350714
1350713
1350712
1350711
1350710
1350716
1348708
1350717
1347709
1347708
1347707
1347706
1347705
1351729
1348709
1351720
1347607
1351727
1351726
1351725
1351724
1351723
1350715
1351721
1347702
1351719
1351712
1351711
1351710
1350719
1350718
1351722
1347614
1347704
1347621
1347620
1347619
1347618
1347617
1347623
1347615
1347624
1347613
1347612
1347611
1347610
1347609
1347608
1347616
1347680
1347701
1347700
1347686
1347685
1347684
1347683
1347622
1347681
1354500
1347679
1347629
1347628
1347627
1347626
1347625
1347682
1330865
1330716
1331716
1331715
1331714
1331713
1331712
1331718
1331710
1331719
1330864
1330863
1330862
1330719
1330718
1351728
1331711
1334340
1334348
1334347
1334346
1334345
1334344
1334343
1331717
1334341
1330715
1333999
1333998
1332973
1332972
1332971
1332970
1334342
1354507
1330717
1354514
1354513
1354512
1354511
1354510
1860275
1354508
1532716
1354506
1354505
1354504
1354503
1354502
1354501
1354509
1860716
1330714
1330713
1330712
1330711
1330710
1860719
1860274
1860717
1860276
1860715
1860714
1860713
1860712
1567167
1860710
1860718
1897131
1533713
1897138
1897137
1897136
1897135
1897134
1897140
1897132
1897141
1897130
1897129
1533717
1533716
1533715
1897157
1897133
1897148
1897156
1897155
1897154
1897153
1897152
1897151
1897139
1897149
1533712
1897147
1897146
1897145
1897144
1897143
1897142
1897150
1532721
1533714
1532728
1532727
1532726
1532725
1532724
1532730
1532722
1532731
1532720
1532719
1347606
1860711
1532718
1532717
1532723
1532738
1533711
1533710
1533589
1532745
1532744
1532742
1532729
1532739
1532743
1532737
1532736
1532735
1532734
1532733
1532732
1532740
1343710
1342983
1343717
1343716
1343715
1343714
1343713
1343726
1343711
1343727
1342989
1342988
1342987
1342986
1342985
1342984
1343712
1346999
1347604
1347605
1347603
1347602
1532741
1897158
1343719
1347600
1343718
1346998
1346997
1346996
1346995
1343729
1343728
1347601
1897165
1898604
1898602
1897162
1898600
1897169
1897168
1898605
1897166
1898603
1897159
1342982
1897160
1343725
1897164
1897163
1897161
1897167
1898611
1898615
1898614
1898613
1898601
1898616
1898612
1342980
1898610
1898609
1898608
1898607
1342981
1898606
1534220
1534221
1534222
1534223
1534224
1534225
1534226
1534227
1534228
1534229
1534233
1534234
1534235
1534260
1534273
1534274
1534275
1534277
1534278
1534289
1534290
1534291
1534292
1534293
1534294
1534297
1537700
1537701
1537702
1537703
1537704
1537705
1537706
1537707
1537708
1537709
1537750
1537751
1537752
1537753
1537754
1537755
1537756
1537757
1537758
1537759
1537760
1537761
1537762
1537763
1537764
1537765
1537766
1537767
1537768
1537769
1538700
1538701
1538702
1538703
1538704
1538705
1538706
1538707
1538708
1538709
1538710
1538711
1538712
1538713
1538714
1538715
1538716
1538717
1538718
1539150
1539151
1539152
1539153
1539154
1539155
1539156
1539282
1539283
1539284
1539285
1539286
1539287
1539288
1539289
1539290
1539291
1539292
1539293
1539294
1539295
1539296
1800710
1800711
1800712
1800713
1800714
1800715
1800716
1800717
1800718
1800719
1800722
1800862
1800863
1800864
1800865
1804050
1804051
1804052
1804053
1804054
1804055
1804056
1804057
1804058
1804059
1804069
1806200
1806201
1806202
1806203
1806204
1806205
1806206
1806207
1806208
1806209
1806210
1806211
1806212
1806213
1806214
1806215
1806240
1806241
1806242
1806243
1806244
1806245
1806249
1806250
1806251
1806252
1806253
1806254
1806255
1806256
1806257
1806258
1806259
1806260
1806261
1806262
1806263
1806264
1806265
1806266
1806267
1806268
1806269
1806270
1806271
1806272
1806273
1806274
1806275
1806276
1806277
1806278
1806279
1806400
1806401
1806402
1806403
1806404
1806405
1806406
1806407
1806408
1806409
1806410
1806411
1806412
1806429
1807100
1807101
1807102
1807103
1807104
1807105
1807106
1807107
1807108
1807109
1807110
1807111
1807112
1807113
1807114
1807140
1807141
1807142
1807143
1807144
1807145
1807150
1807151
1807152
1807153
1807154
1807155
1807170
1807171
1807172
1807173
1807174
1807175
1807197
1807198
1807199
1808600
1808601
1808602
1808603
1808604
1808605
1808606
1808607
1808608
1808609
1808610
1808611
1808629
1808640
1808641
1808642
1808643
1808644
1808645
1808646
1808647
1808648
1808649
1808650
1808651
1808652
1808653
1808660
1808661
1808662
1808663
1808664
1808665
1808666
1808667
1808668
1808669
1894290
1894291
1894292
1894293
1894294
1896394
1896395
1896396
1896397
1896398
1896399
1810070
1810071
1810072
1810721
1810723
1810725
1810726
1810727
1810728
1810729
1810860
1810861
1810862
1810863
1810864
1810865
1810866
1810867
1812020
1812021
1812022
1812023
1812024
1812025
1812040
1812041
1812042
1812043
1812044
1812055
1812056
1812057
1812058
1812059
1814050
1814051
1814052
1814053
1814054
1814055
1814056
1814057
1814058
1814059
1814065
1814066
1814067
1814068
1814069
1815430
1815431
1815432
1815433
1815437
1815440
1815441
1815442
1815443
1816230
1816231
1816232
1816233
1816234
1816235
1816241
1816242
1816243
1816250
1816251
1816252
1816253
1816254
1816255
1816256
1816257
1816258
1816259
1816260
1816261
1816262
1816263
1816264
1816265
1816266
1816267
1816268
1816269
1816270
1816271
1816272
1816273
1816274
1816275
1816276
1816277
1816278
1816279
1816308
1816330
1816331
1816332
1816333
1816334
1816335
1816336
1816337
1816338
1816339
1816350
1816351
1816352
1816353
1816354
1816355
1816400
1816401
1816402
1816403
1816404
1816405
1816406
1816407
1816408
1816409
1816410
1816411
1816420
1816421
1816422
1816423
1816424
1816425
1816426
1816427
1816428
1816429
1817100
1817101
1817102
1817103
1817104
1817105
1817106
1817107
1817108
1817109
1817110
1817111
1817112
1817113
1817114
1817115
1817116
1817117
1817118
1817119
1817120
1817121
1817122
1817123
1817124
1817125
1817126
1817127
1817128
1817129
1817130
1817131
1817132
1817133
1817134
1817135
1817136
1817137
1817138
1817139
1817140
1817141
1817142
1817143
1817144
1817145
1817146
1817147
1817148
1817149
1817150
1817151
1817195
1817196
1818605
1818606
1818607
1818608
1818609
1818610
1818611
1818612
1818613
1818614
1818615
1818616
1818617
1818618
1818619
1818620
1818621
1818622
1818623
1818624
1818640
1818641
1818642
1818643
1818644
1818645
1818646
1818647
1818648
1818649
1818650
1818651
1818659
1818660
1818661
1818662
1818663
1818664
1818665
1818666
1818667
1818668
1818669
1818670
1818671
1818672
1818673
1818690
1818691
1818692
1818693
1700132
1700270
1700271
1700272
1700273
1700274
1700275
1700276
1700277
1700278
1700279
1700341
1700710
1700711
1700712
1700713
1700714
1700715
1700746
1700747
1700748
1700749
1705013
1705159
1705206
1705261
1705316
1705317
1705381
1705527
1705621
1705657
1705658
1705762
1707270
1707271
1707272
1707273
1707274
1707275
1707276
1707277
1707278
1707279
1708267
1708268
1708269
1708270
1708271
1708272
1708273
1708274
1708275
1708276
1708277
1708278
1708279
1708710
1708711
1708712
1708713
1708714
1708715
1708716
1708717
1708718
1708719
1709261
1709262
1709263
1709264
1709265
1709266
1709267
1709268
1709269
1709270
1709271
1709272
1709273
1709274
1709275
1709276
1709277
1709278
1709279
1770270
1770271
1770272
1770273
1770274
1770275
1770276
1770277
1770278
1770279
1770710
1770719
1770723
1772020
1772021
1772022
1772048
1772049
1772050
1772051
1772052
1772053
1772054
1772055
1772056
1772057
1772058
1772059
1774050
1774051
1774052
1774053
1774054
1776400
1776401
1776402
1776403
1776404
1776405
1776406
1776407
1776408
1776409
1777141
1777142
1777143
1777144
1777145
1777146
1777147
1777148
1777149
1777160
1777173
1777174
1777177
1777178
1777179
1777180
1777181
1777182
1777183
1777184
1777185
1777186
1777187
1777188
1777189
1778600
1778601
1778602
1778603
1778604
1778605
1778606
1778607
1778608
1778609
1778610
1778611
1778612
1778613
1778614
1778635
1778636
1778637
1778638
1778639
1778640
1778641
1778642
1778643
1778644
1778645
1778646
1778647
1778648
1778649
1778650
1778651
1778652
1778653
1778654
1778655
1778656
1778657
1778658
1778659
1344071
1344079
1380026
1571710
1571711
1571712
1571713
1571714
1571715
1571716
1571717
1571718
1571719
1572700
1572701
1572702
1572703
1572704
1572705
1572706
1572707
1572728
1577102
1577103
1577104
1579700
1579701
1579702
1579703
1579704
1579705
1579706
1579707
1579708
1579709
1579744
1579745
1579746
1780270
1780271
1780272
1820270
1820271
1820272
1820273
1820274
1820275
1820276
1820277
1820278
1820279
1820710
1820711
1820712
1820713
1820714
1820715
1820716
1820717
1820718
1820719
1820722
1827139
1827140
1827141
1827142
1827143
1827144
1827145
1827146
1827147
1827148
1827149
1827150
1827170
1827180
1827181
1827182
1827183
1827184
1827185
1827186
1827187
1827188
1827189
1827190
1827191
1827192
1827193
1827194
1827195
1827196
1827197
1827198
1827199
1827200
1827201
1827202
1827248
1827249
1830270
1830271
1830272
1830273
1830274
1830275
1830276
1830277
1830278
1830279
1830728
1830729
1832700
1832701
1832702
1832703
1832704
1832705
1832706
1832707
1832708
1832709
1832710
1832711
1832712
1832713
1832714
1832715
1832716
1832717
1832718
1832719
1832720
1832721
1832722
1832723
1832724
1832725
1832726
1832727
1832728
1832729
1832730
1832731
1832732
1832733
1832734
1832735
1832736
1832737
1832738
1832739
1837117
1837118
1837119
1837128
1837129
1837145
1837146
1837147
1837148
1837149
1837155
1837156
1837157
1837158
1837159
1837198
1837199
1837200
1837201
1837202
1837203
1837204
1837205
1837206
1837207
1837208
1837209
1837210
1837211
1837212
1837213
1837214
1837215
1837216
1837217
1837218
1837219
1837280
1837281
1837282
1837283
1837284
1837285
1837286
1837287
1837288
1840270
1840271
1840272
1840273
1840274
1840275
1840276
1840277
1840278
1840279
1840726
1840727
1840728
1840729
1842700
1842701
1842702
1842703
1842704
1842705
1842706
1842707
1842708
1842709
1842720
1842721
1842722
1842723
1842724
1842725
1842726
1842727
1842728
1842729
1842730
1842731
1842732
1842733
1842734
1842735
1842736
1842737
1842738
1842739
1842740
1842741
1842742
1842743
1842744
1842745
1842746
1842747
1842748
1842749
1842750
1842751
1842752
1842753
1842754
1842755
1842756
1842757
1842758
1842759
1842760
1842761
1842762
1842763
1842764
1842765
1842766
1842767
1842768
1842769
1842770
1842771
1842772
1842773
1842774
1842775
1842776
1842777
1842778
1842779
1842780
1842781
1842782
1842783
1842784
1842785
1842786
1842787
1842788
1842789
1842790
1842791
1842792
1842793
1842794
1842795
1842796
1842797
1842798
1842799
1847147
1847148
1847149
1847155
1847156
1847157
1847167
1847168
1847169
1847173
1847174
1847175
1847176
1847177
1847178
1847190
1847191
1847192
1847193
1847194
1847195
1847196
1847197
1847198
1847199
1847200
1847201
1847202
1847203
1847204
1847205
1847206
1847207
1847208
1847209
1870270
1870271
1870272
1870273
1870274
1870275
1870276
1870277
1870278
1870279
1870710
1870711
1870712
1870713
1870714
1870715
1870716
1870717
1870718
1870719
1871710
1871711
1871712
1871713
1871714
1871715
1871716
1871717
1871718
1871719
1872730
1872731
1872732
1872733
1872734
1872735
1872736
1872737
1877100
1877101
1877102
1877103
1877104
1877105
1877106
1877107
1877108
1877109
1877110
1877111
1877112
1877113
1877114
1877192
1877193
1877194
1877195
1877196
1877197
1877198
1877199
1880710
1880711
1880712
1880713
1880714
1880715
1880716
1880717
1880718
1880719
1880862
1880863
1880864
1880865
1882700
1882701
1882702
1882703
1882704
1882705
1882706
1882707
1882708
1882709
1882733
1882734
1882735
1882736
1882737
1882738
1882739
1882740
1882741
1882742
1882743
1882744
1882760
1882761
1882762
1882763
1882764
1882765
1882766
1882767
1887115
1887116
1887117
1887118
1887119
1887137
1887138
1887139
1887142
1887143
1887144
1887145
1887146
1887147
1887148
1887149
1887154
1887157
1887158
1887185
1887186
1887187
1887188
1887220
1887221
1887222
1887223
1887224
1887225
1887226
1887227
1887228
1887232
1887233
1887234
1887235
1887247
1887248
1550722
1850270
1850271
1850272
1850273
1850274
1850275
1850276
1850277
1850278
1850279
1850710
1850711
1850712
1850713
1850714
1850715
1850716
1850717
1850718
1850719
1850722
1850862
1850863
1850864
1850865
1851270
1851271
1851272
1851273
1851274
1851275
1851276
1851277
1851278
1851279
1852700
1852701
1852702
1852703
1852704
1852705
1852706
1852707
1852708
1852709
1852710
1857145
1857146
1857147
1857148
1857149
1857150
1857151
1857152
1857153
1857154
1857155
1857156
1857157
1857158
1857159
1857160
1857161
1857162
1857163
1857164
1857165
1857166
1857167
1857168
1857169
1857170
1857171
1857172
1857173
1857174
1857175
1857176
1857177
1857178
1857179
1857180
1857181
1857182
1857183
1857184
1857185
1857186
1857187
1857188
1857189
1857215
1857216
1857217
1857218
1857219
1857240
1857241
1857242
1857243
1857244
1857245
1857246
1857247
1857248
1857249
1857279
1857280
1857281
1857282
1857283
1857284
1857285
1857286
1857287
1857288
1857289
1857299
1862700
1862701
1862702
1862703
1862704
1862705
1862706
1862707
1862708
1862709
1862710
1862711
1862712
1862713
1862714
1862715
1862716
1862717
1862718
1862719
1862770
1862771
1862772
1862773
1862774
1862775
1862776
1862777
1862778
1862779
1862780
1862781
1862782
1862783
1862784
1862785
1862786
1862787
1862788
1862789
1862790
1862791
1862792
1862793
1862794
1862795
1862797
1862798
1862799
1867145
1867219
1867230
1867231
1867232
1867233
1867234
1867235
1867236
1867237
1867238
1867239
1867267
1867268
1867269
1867275
1867276
1867277
1867278
1867279
1867280
1867281
1867282
1867283
1867284
1867285
1867286
1867287
1867288
1867289
1867291
1867292
1867293
1867294
1867295
1867296
1867297
1867298
1867299
1867400
1867401
1867402
1867403
1867404
1867405
1867406
1867407
1867408
1867409
1867414
1867428
1869404
1869405
1869406
1869407
1869610
1869611
1869612
1869613
1869614
1869615
1869616
1869617
1869618
1869619
1869630
1869631
1869632
1869633
1869634
1869635
1869636
1869637
1869638
1869639
1869647
1869648
1869649
1760270
1760271
1760272
1760273
1760274
1760275
1760276
1760277
1760278
1760279
1760710
1760711
1760712
1760713
1760714
1760715
1760716
1760717
1760718
1760719
1761260
1761261
1761262
1761263
1761264
1761265
1761266
1761267
1761268
1761269
1761270
1761271
1761272
1761273
1761274
1761275
1761276
1761277
1761278
1761279
1452700
1452701
1452702
1452703
1452704
1452705
1452706
1452707
1452708
1452725
1452726
1452729
1453701
1453704
1453705
1453706
1453707
1453708
1453709
1453710
1453711
1453712
1453713
1453714
1453715
1453716
1453717
1453718
1453719
1453720
1453721
1453722
1453723
1453724
1453725
1453726
1453727
1453728
1453729
1454481
1454482
1454483
1454484
1454488
1454494
1454495
1454496
1454497
1454498
1454499
1454850
1454851
1454852
1454853
1454854
1454855
1454856
1454857
1454858
1454859
1458640
1458641
1458642
1458643
1458644
1458645
1458646
1458647
1458648
1458649
1459720
1459721
1459722
1459723
1459724
1459725
1459726
1459727
1459728
1459729
1470270
1470271
1470272
1470273
1470274
1470275
1470276
1470277
1470278
1470279
1470710
1470711
1470712
1470713
1470714
1470716
1476558
1476559
1476560
1476561
1476563
1476564
1477160
1477161
1477162
1477163
1477164
1477165
1477166
1477167
1477168
1477169
1709260
1862796
1453703
1300008
1457110
1457111
1457112
1457113
1457119
1897490
1897489
1897488
1897487
1860731
1569748
1567588
1897491
1567589
1569731
1569749
1897492
1897493
1897494
1897495
1897496
1897497
1567587
1897499
1567516
1897510
1897511
1897512
1897498
1567515
1567495
1567496
1567497
1567498
1567499
1567510
1567511
1354873
1567512
1354872
1567518
1567514
1567586
1897583
1567517
1897513
1567519
1567580
1567581
1567582
1567583
1567584
1567585
1567513
1346771
1897581
1346760
1346761
1346762
1346763
1346764
1346765
1346766
1346767
1346768
1346758
1346770
1346757
1346904
1354878
1354879
1354894
1354895
1354896
1354897
1354898
1354964
1354965
1354966
1346769
1897587
1897515
1897516
1897517
1897518
1897519
1897580
1567494
1897582
1567484
1897584
1346759
1897586
1897514
1897588
1897589
1340731
1346731
1346750
1346751
1346752
1346753
1346754
1346755
1346756
1897585
1557487
1557499
1557498
1557497
1557496
1557495
1557494
1557493
1557492
1557491
1557490
1557438
1557488
1557512
1557486
1557485
1557484
1557483
1557482
1557481
1557480
1354871
1557439
1567485
1557489
1557583
1390846
1354967
1561645
1354863
1354864
1354865
1354866
1354867
1354868
1354869
1557510
1557584
1557511
1557582
1557581
1557580
1557519
1557518
1557517
1557516
1557515
1557514
1557513
1557437
1354870
1567481
1561688
1567310
1567311
1567312
1567313
1567314
1567315
1567316
1567317
1567318
1561644
1567480
1354875
1567482
1567483
1354874
1567486
1567487
1567488
1567489
1567490
1567491
1567492
1567319
1557314
1557436
1557435
1557434
1557433
1557432
1557431
1557430
1557319
1557318
1557317
1561666
1557315
1561646
1557313
1557312
1557311
1557310
1557089
1557088
1557087
1557086
1354877
1354876
1567493
1557316
1397495
1397483
1397484
1397485
1397486
1397487
1397488
1397489
1397490
1397491
1397492
1397516
1397494
1397480
1397496
1397497
1397498
1397499
1397510
1397511
1397512
1397513
1397514
1390749
1397493
1390849
1378729
1378731
1378741
1387596
1387597
1387599
1390748
1354862
1390845
1333721
1397482
1390848
1397481
1397310
1397311
1397312
1397313
1397314
1397315
1397316
1397317
1397318
1397319
1397517
1390847
1511123
1511111
1511112
1511113
1511114
1511115
1511116
1511117
1511118
1511119
1511120
1397515
1511122
1511108
1511124
1511125
1511126
1511127
1511128
1511129
1511130
1511131
1511132
1511133
1511121
1508498
1397518
1397519
1397580
1397581
1397582
1397583
1397584
1397585
1397586
1508495
1511110
1508497
1511109
1508499
1510731
1511100
1511101
1511102
1511103
1511104
1511105
1511106
1511107
1378726
1508496
1363740
1361748
1361749
1361846
1361847
1361848
1361849
1362731
1362741
1362742
1362748
1378728
1363731
1360748
1363741
1363742
1363747
1363748
1363749
1364731
1364741
1364743
1375503
1375504
1362749
1357482
1357410
1357411
1357412
1357413
1357414
1357415
1357416
1357417
1357418
1357419
1361731
1357481
1360749
1357483
1357484
1357485
1357486
1357487
1357488
1357489
1360731
1360743
1360744
1375507
1357480
1378715
1375505
1378704
1378705
1378706
1378707
1378708
1378709
1378710
1378711
1378712
1378702
1378714
1378701
1378716
1378717
1378718
1378719
1378720
1378721
1378722
1378723
1378724
1378725
1354968
1378713
1375519
1378727
1375508
1375509
1375510
1375511
1375512
1375513
1375514
1375515
1375516
1378703
1375518
1375506
1378610
1378611
1378612
1378613
1378614
1378615
1378616
1378617
1378618
1378619
1378700
1375517
1323742
1313531
1314200
1314201
1314202
1314203
1314204
1314205
1321731
1321741
1321748
1327205
1323741
1313511
1323747
1323748
1323749
1325731
1325748
1327200
1327201
1327202
1327203
1307737
1323731
1310711
1334131
1307739
1308050
1308051
1308052
1308053
1308054
1308055
1308056
1308731
1313528
1310031
1313521
1310721
1310731
1310741
1310742
1310748
1310749
1311731
1311741
1311751
1313501
1327206
1310025
1552648
1329749
1329865
1329868
1329869
1552640
1552641
1552642
1552643
1552644
1552645
1327204
1552647
1329742
1552649
1557085
1557585
1557586
1557587
1557588
1557589
1557590
1557591
1557592
1552646
1327248
1327207
1327208
1327209
1327223
1327240
1327241
1327242
1327243
1327244
1327245
1329748
1327247
1329747
1327249
1327884
1327885
1327886
1327887
1327888
1327889
1329731
1329740
1329741
1307736
1327246
1314229
1314217
1314218
1314219
1314220
1314221
1314222
1314223
1314224
1314225
1314226
1318704
1314228
1314214
1317030
1317031
1317040
1317041
1317047
1317048
1318700
1318701
1318702
1307738
1314227
1301731
1300731
1300741
1300742
1300743
1300748
1300749
1301074
1301616
1301718
1301719
1314216
1301729
1314215
1301738
1301739
1314206
1314207
1314208
1314209
1314210
1314211
1314212
1314213
1318705
1301728
1305419
1302741
1302742
1302743
1302748
1302749
1303678
1303679
1303731
1304721
1305416
1318703
1305418
1390731
1305516
1305517
1305518
1305519
1307730
1307731
1307732
1307733
1307734
1307735
1305417
1320316
1318706
1318707
1318708
1318709
1318721
1318731
1320310
1320311
1320312
1320313
1302731
1320315
1511134
1320317
1320731
1320741
1320742
1320747
1320748
1320749
1321261
1321262
1321263
1557595
1320314
1890847
1530846
1530847
1530848
1530849
1533783
1534731
1534831
1890731
1890748
1890749
1897318
1890846
1530843
1890848
1890849
1897310
1897311
1897312
1897313
1897314
1897315
1897316
1557593
1890845
1339749
1335731
1336731
1336748
1336749
1337801
1337891
1338731
1338748
1338749
1339731
1530845
1339748
1530844
1339751
1339760
1339761
1339764
1530731
1530748
1530749
1530840
1530841
1530842
1897319
1339741
1351747
1350743
1350744
1350745
1350746
1350747
1350748
1350749
1350847
1350848
1350849
1897317
1351740
1350740
1351748
1351749
1354853
1354854
1354855
1354856
1354857
1354858
1354859
1354860
1351731
1346943
1897480
1897481
1897482
1897483
1897484
1897485
1897486
1346905
1346906
1346907
1350742
1346942
1350741
1346944
1346945
1346946
1348731
1348749
1348756
1348757
1348758
1348759
1350731
1334960
1346908
1561616
1560848
1560849
1561600
1561601
1561602
1561603
1561610
1561611
1561612
1561613
1335722
1561615
1560845
1561617
1561618
1561619
1561620
1561621
1561622
1561623
1561624
1561625
1561626
1561614
1557667
1354861
1557596
1557597
1557598
1557599
1557660
1557661
1557662
1557663
1557664
1560847
1557666
1560846
1557668
1557669
1560731
1560748
1560749
1560840
1560841
1560842
1560843
1560844
1867310
1557665
1332731
1860840
1331951
1331952
1331953
1331954
1331955
1331956
1331957
1331958
1331959
1331749
1332721
1331748
1333251
1333731
1334251
1334721
1334731
1334861
1334867
1334868
1334869
1334871
1557594
1331960
1330749
1335721
1867311
1867312
1867313
1867314
1867315
1867316
1867317
1867318
1867319
1331950
1330748
1860841
1330840
1330841
1330842
1330843
1330844
1330845
1330846
1330847
1330848
1330849
1331731
1330731
1511634
1580269
1511645
1511644
1511643
1511642
1511641
1511640
1511639
1511638
1511637
1511647
1511635
1511648
1511633
1511632
1511631
1511630
1511629
1511628
1511627
1511626
1511625
1511624
1511623
1511636
1520731
1507481
1521108
1521107
1521106
1521105
1521104
1521103
1521102
1521101
1521100
1511646
1520748
1511620
1517319
1517318
1517317
1517316
1517315
1517314
1517313
1517312
1517311
1517310
1511649
1520749
1507493
1508475
1508474
1508473
1508472
1508471
1508470
1507499
1507498
1507497
1507496
1511622
1507494
1508478
1507492
1507491
1507490
1507489
1507488
1507487
1507486
1507485
1507484
1507483
1507482
1507495
1508489
1580731
1511619
1511618
1511617
1511616
1511615
1511614
1511613
1508494
1508493
1508492
1508476
1508490
1508477
1508488
1508487
1508486
1508485
1508484
1508483
1508482
1508481
1508480
1508479
1511621
1508491
1597311
1580268
1597412
1597411
1597410
1597319
1597318
1597317
1597316
1597315
1597314
1597414
1597312
1597415
1597310
1590731
1589731
1587499
1587498
1587497
1587496
1511135
1387598
1587495
1587493
1597313
1597427
1887319
1887318
1887317
1887316
1887315
1887314
1887313
1887312
1887311
1887310
1597413
1597428
1587490
1597426
1597425
1597424
1597423
1597422
1597421
1597420
1597419
1597418
1597417
1597416
1597429
1587401
1587413
1587412
1587411
1587410
1587409
1587408
1587407
1587406
1587405
1587404
1587492
1587402
1587416
1587400
1587319
1587318
1587317
1587316
1587315
1587314
1587313
1587312
1587311
1587310
1587403
1587427
1587494
1587489
1587488
1587487
1587486
1587485
1587484
1587483
1587482
1587481
1587480
1587414
1587428
1587415
1587426
1587425
1587424
1587423
1587422
1587421
1587420
1587419
1587418
1587417
1587491
1587429
1580255
1527493
1580266
1580265
1580264
1580263
1580262
1580261
1580260
1580259
1580258
1364744
1580256
1364748
1580254
1580253
1580252
1580251
1580250
1527499
1527498
1527497
1527496
1527495
1367736
1580257
1366734
1367735
1367734
1367733
1367732
1367731
1367730
1527310
1366739
1366738
1366737
1580267
1366735
1527492
1366733
1366732
1366731
1366730
1365749
1365748
1365744
1365743
1365741
1365740
1365731
1366736
1511144
1527494
1521111
1521110
1521109
1511612
1511611
1511610
1511149
1511148
1511147
1521113
1511145
1521114
1511143
1511142
1511141
1511140
1511139
1511138
1511137
1511136
1527489
1527488
1507480
1511146
1527481
1527491
1527311
1527490
1527312
1527313
1527314
1527315
1527316
1527317
1527318
1521112
1527480
1365735
1527482
1527483
1527484
1527485
1527486
1527487
1521118
1521119
1521117
1521116
1521115
1527319
1387490
1387582
1367737
1387580
1387499
1387498
1387497
1387496
1387495
1387494
1387493
1387318
1387491
1387585
1387489
1387488
1387487
1387486
1387485
1387484
1387483
1387482
1387481
1387480
1387319
1387492
1397587
1507319
1507318
1507317
1507316
1507315
1507314
1507313
1507312
1507311
1507310
1500731
1364749
1397588
1387584
1387595
1387594
1387593
1387592
1387591
1387590
1387589
1387588
1387587
1387586
1387581
1397589
1368736
1373906
1373905
1372389
1372388
1372387
1372386
1372385
1370749
1370748
1370731
1368739
1373907
1368737
1367748
1368735
1368734
1368733
1368732
1368731
1368730
1367749
1387317
1367739
1387583
1367738
1368738
1387314
1387316
1387315
1387313
1387312
1387311
1387310
1380849
1380848
1380847
1380846
1380845
1380843
1375502
1373909
1380842
1375501
1373908
1378778
1378779
1380731
1380748
1380749
1380841
1375500
1534301
1534302
1534303
1534321
1534322
1534331
1534332
1534333
1534440
1534441
1536400
1536401
1536402
1536403
1536404
1536405
1536406
1536407
1536408
1536413
1536414
1536415
1536420
1536421
1536422
1536423
1536710
1536711
1536712
1536713
1536714
1536715
1536716
1536717
1536718
1536719
1536731
1536732
1536733
1536741
1536742
1536748
1536749
1536780
1536781
1536782
1536783
1536784
1536785
1536786
1536787
1536788
1536789
1536790
1536791
1536792
1536793
1536794
1536795
1536796
1536797
1536798
1536799
1537731
1537732
1537733
1537741
1537748
1537749
1538620
1538621
1538622
1538623
1538624
1538632
1538640
1538641
1538642
1538643
1538644
1538645
1538646
1538647
1538648
1538649
1538731
1538732
1538733
1538741
1538748
1538749
1538750
1538751
1538752
1538753
1538754
1538755
1538756
1538757
1538758
1538759
1538800
1538801
1538802
1538803
1538804
1538805
1538806
1538807
1538808
1538809
1538890
1538891
1538892
1538893
1538894
1538895
1538896
1538897
1538898
1538899
1539990
1539991
1539992
1539993
1539994
1539997
1539998
1539999
1800731
1800732
1800733
1800741
1800748
1800749
1800840
1800841
1800842
1800843
1800844
1800845
1800846
1800847
1800848
1800849
1807310
1807311
1807312
1807313
1807314
1807315
1807316
1807317
1807318
1807319
1807320
1807321
1807323
1807324
1807325
1807326
1807327
1807328
1807329
1807330
1807331
1807332
1807333
1807334
1807335
1807336
1807337
1807338
1807339
1807510
1807511
1807512
1807513
1807514
1807515
1807516
1807517
1807518
1807519
1807574
1807575
1807576
1807585
1807586
1890070
1890071
1890072
1890073
1890074
1890075
1890076
1890077
1890078
1890079
1893212
1893213
1893240
1893241
1893242
1893243
1893244
1893245
1893246
1893247
1893248
1894204
1894250
1894251
1894252
1894253
1894254
1894255
1894256
1894257
1810073
1810074
1810075
1810731
1810732
1810733
1810741
1810748
1810749
1810840
1810841
1810842
1810843
1810844
1810845
1810846
1810847
1810848
1810849
1814260
1814261
1814262
1814263
1814264
1814265
1814266
1815331
1815333
1815374
1815375
1815376
1815377
1815378
1815379
1815381
1815382
1815388
1816360
1816361
1816362
1816363
1816364
1816365
1816366
1816367
1816368
1816369
1816370
1816371
1816372
1816373
1816374
1816375
1816376
1816377
1816378
1816379
1816390
1816391
1816392
1816393
1816394
1816395
1816396
1816397
1816398
1816619
1816931
1816932
1816933
1816942
1816943
1817310
1817311
1817312
1817313
1817314
1817315
1817316
1817317
1817318
1817319
1817320
1817321
1817322
1817323
1817324
1817325
1817326
1817327
1817328
1817329
1817330
1817331
1817332
1817333
1817334
1817335
1817336
1817337
1817338
1817339
1817441
1817442
1817443
1817445
1817510
1817511
1817512
1817513
1817514
1817515
1817516
1817517
1817518
1817519
1817589
1817596
1817597
1817598
1817599
1818204
1818205
1818206
1818207
1818208
1818209
1818210
1818211
1818212
1818893
1818899
1700720
1700721
1700722
1700723
1700730
1700731
1700732
1700735
1700736
1700737
1700738
1700739
1700740
1700741
1700742
1700743
1700744
1700745
1705026
1705156
1705211
1705262
1705319
1705320
1705350
1705526
1705557
1705624
1705662
1705764
1707731
1707732
1707733
1707734
1707735
1707736
1707737
1707738
1707739
1707740
1707741
1707742
1707743
1707744
1707745
1707746
1707747
1707748
1707749
1708070
1708071
1708072
1708073
1708074
1708730
1708731
1708732
1708733
1708734
1708735
1708736
1708737
1708738
1708739
1709670
1709671
1709672
1709673
1709674
1709675
1709676
1709677
1709678
1709679
1770731
1770732
1770733
1770741
1770742
1770843
1770844
1770845
1770846
1770847
1770848
1770849
1771162
1771163
1771173
1771177
1771178
1774251
1774252
1774253
1775278
1775279
1775280
1775281
1775284
1775285
1775286
1775287
1775288
1775289
1776931
1776932
1776933
1777310
1777311
1777312
1777313
1777314
1777315
1777316
1777317
1777318
1777319
1777320
1777321
1777322
1777323
1777324
1777325
1777326
1777327
1777328
1777329
1777330
1777331
1777332
1777333
1777334
1777335
1777336
1777337
1777338
1777339
1777580
1777581
1777582
1777583
1777584
1777585
1777586
1777587
1777588
1777589
1777594
1777599
1520032
1520033
1520034
1520035
1520036
1520037
1520038
1520039
1520040
1520041
1520042
1520043
1520044
1520045
1520046
1520047
1520048
1520049
1520080
1520081
1520082
1520083
1520084
1520085
1520086
1520087
1520088
1520089
1520090
1520091
1520092
1520093
1520094
1524360
1524361
1524362
1524363
1524364
1524365
1524366
1524367
1524368
1524369
1570070
1570071
1570072
1570073
1570074
1570075
1570076
1570077
1570079
1570731
1570732
1570733
1570748
1570749
1571731
1571732
1571733
1571741
1571742
1571748
1571749
1571750
1571751
1571753
1572747
1577310
1577311
1577312
1577313
1577314
1577315
1577316
1577317
1577318
1577319
1577320
1577321
1577322
1577323
1577324
1577325
1577326
1577327
1577328
1577329
1577330
1577331
1577332
1577333
1577334
1577335
1577336
1577337
1577338
1577339
1577419
1780731
1780732
1780733
1787778
1787779
1820731
1820732
1820733
1820740
1820741
1820742
1820747
1820748
1820749
1821640
1821641
1821642
1821643
1821644
1822910
1822911
1822912
1822913
1822914
1822915
1822916
1822917
1822918
1822919
1822947
1822948
1822949
1822970
1822971
1822972
1822973
1822974
1822975
1822976
1822977
1822979
1822980
1822981
1822982
1822983
1822984
1822985
1822986
1822987
1822988
1822989
1822990
1822991
1822992
1822993
1822994
1822995
1822996
1822997
1822998
1822999
1827310
1827311
1827312
1827313
1827314
1827315
1827316
1827317
1827318
1827319
1827320
1827321
1827322
1827323
1827324
1827325
1827326
1827327
1827328
1827329
1827330
1827331
1827332
1827333
1827334
1827335
1827336
1827337
1827338
1827339
1827417
1827418
1827419
1827420
1827421
1827422
1827423
1827424
1827425
1827426
1827427
1827428
1827429
1827480
1827481
1827482
1827483
1827484
1827485
1827486
1827487
1827488
1827489
1827494
1827495
1827496
1827497
1827498
1827499
1830731
1830732
1830733
1837310
1837311
1837312
1837313
1837314
1837315
1837316
1837317
1837318
1837319
1837320
1837321
1837322
1837323
1837324
1837325
1837326
1837327
1837328
1837329
1837330
1837331
1837332
1837333
1837334
1837335
1837336
1837337
1837338
1837339
1837400
1837401
1837402
1837403
1837404
1837405
1837406
1837407
1837408
1837409
1837445
1837446
1837447
1837448
1837449
1837480
1837481
1837482
1837483
1837484
1837485
1837486
1837487
1837488
1837489
1837495
1837496
1837497
1837498
1837499
1839020
1839021
1839022
1839023
1839024
1839025
1839026
1839027
1839028
1839029
1839080
1839081
1839082
1839083
1839084
1839085
1839086
1839087
1839088
1839089
1839090
1839091
1839092
1839093
1839094
1839095
1839096
1839097
1839098
1839099
1840731
1840732
1840733
1840740
1840741
1840742
1840747
1840748
1840749
1847280
1847281
1847282
1847283
1847284
1847285
1847286
1847287
1847288
1847289
1847290
1847291
1847292
1847293
1847294
1847295
1847296
1847297
1847298
1847299
1847310
1847311
1847312
1847313
1847314
1847315
1847316
1847317
1847318
1847319
1847320
1847321
1847322
1847323
1847324
1847325
1847326
1847327
1847328
1847329
1847330
1847331
1847333
1847334
1847335
1847336
1847337
1847338
1847339
1847420
1847421
1847422
1847423
1847424
1847425
1847426
1847427
1847428
1847429
1847480
1847481
1847482
1847483
1847484
1847485
1847486
1847487
1847488
1847489
1847490
1847491
1847492
1847493
1847494
1847495
1847496
1847497
1847498
1847499
1847840
1847841
1847842
1847843
1847844
1847845
1847846
1847847
1847848
1847849
1847850
1847851
1847852
1847853
1847854
1847855
1847856
1847857
1847858
1847859
1847860
1847861
1847862
1847863
1847864
1847865
1847866
1847867
1847868
1847869
1847870
1847871
1847872
1847873
1847874
1847875
1847876
1847877
1847878
1847879
1847880
1847881
1847882
1847883
1847884
1847885
1847886
1847887
1847888
1847889
1847890
1847891
1847892
1847893
1847894
1847895
1847896
1847897
1847898
1847899
1870731
1870732
1870733
1870748
1870749
1871100
1871101
1871102
1871103
1871104
1871105
1871106
1871107
1871108
1871109
1871110
1871111
1871112
1871113
1871114
1871115
1871116
1871117
1871118
1871119
1871130
1871131
1871132
1871133
1871134
1871135
1871136
1871137
1871138
1871139
1877310
1877311
1877312
1877313
1877314
1877315
1877316
1877317
1877318
1877319
1877320
1877321
1877322
1877323
1877324
1877325
1877326
1877327
1877328
1877329
1877330
1877331
1877332
1877333
1877334
1877335
1877336
1877337
1877338
1877339
1877400
1877401
1877402
1877403
1877404
1877405
1877406
1877407
1877408
1877409
1877415
1877416
1877417
1877418
1877419
1877420
1877480
1877481
1877482
1877483
1877484
1877485
1877486
1877487
1877488
1877489
1877490
1877491
1877492
1877493
1877494
1877495
1877496
1877497
1877498
1877499
1879740
1879741
1879742
1879743
1880731
1880732
1880733
1880740
1880741
1880742
1880747
1880748
1880749
1881710
1881711
1881712
1881713
1881714
1881715
1881716
1881717
1881718
1881719
1886730
1886731
1886732
1886733
1886734
1886735
1886736
1886737
1886738
1886739
1886740
1886741
1886742
1886745
1886746
1887320
1887321
1887322
1887323
1887324
1887325
1887326
1887327
1887328
1887329
1887330
1887331
1887332
1887333
1887334
1887335
1887336
1887337
1887338
1887339
1887400
1887401
1887402
1887403
1887404
1887405
1887406
1887407
1887408
1887409
1887410
1887411
1887412
1887413
1887414
1887415
1887416
1887417
1887418
1887419
1887420
1887421
1887422
1887423
1887424
1887425
1887426
1887427
1887428
1887429
1887470
1887471
1887472
1887473
1887474
1887475
1887476
1887477
1887478
1887479
1887480
1887481
1887482
1887483
1887484
1887485
1887486
1887487
1887488
1887489
1887490
1887491
1887492
1887493
1887494
1887495
1887496
1887497
1887498
1887499
1889000
1889001
1889002
1889003
1889004
1889005
1889006
1889007
1889008
1889020
1889021
1889022
1889023
1889024
1889030
1889031
1889032
1889033
1889034
1889035
1889036
1889037
1889038
1889039
1550731
1550732
1550733
1550748
1550749
1558001
1558002
1558003
1558004
1558005
1558006
1558007
1558008
1558009
1558017
1558018
1558019
1558020
1558080
1558081
1558082
1558083
1558084
1558085
1558086
1558087
1558088
1558089
1558090
1558091
1558092
1558093
1558094
1558095
1558096
1558097
1558098
1558099
1558100
1558101
1558160
1558161
1558162
1558163
1558164
1558165
1558166
1568494
1568495
1850731
1850732
1850733
1850741
1850748
1850749
1850840
1850841
1850842
1850843
1850844
1850845
1850846
1850847
1850848
1850849
1856900
1856901
1856903
1856904
1856905
1856906
1856907
1856908
1856940
1856941
1856942
1856943
1856944
1856945
1856946
1856947
1856948
1856949
1856950
1856951
1856952
1856953
1856954
1856955
1856956
1856957
1856958
1856959
1856960
1856961
1856962
1856963
1857000
1857001
1857002
1857003
1857004
1857005
1857006
1857007
1857008
1857009
1857010
1857011
1857012
1857013
1857014
1857015
1857016
1857017
1857018
1857019
1857020
1857021
1857022
1857023
1857030
1857031
1857032
1857033
1857034
1857035
1857036
1857037
1857038
1857039
1857041
1857048
1857049
1857060
1857061
1857062
1857063
1857064
1857065
1857066
1857067
1857068
1857069
1857070
1857071
1857072
1857073
1857074
1857075
1857076
1857077
1857078
1857079
1857080
1857081
1857082
1857083
1857084
1857085
1857086
1857087
1857088
1857097
1857310
1857311
1857312
1857313
1857314
1857315
1857316
1857317
1857318
1857319
1857320
1857321
1857322
1857323
1857324
1857325
1857326
1857327
1857328
1857329
1857330
1857331
1857332
1857333
1857334
1857335
1857336
1857337
1857338
1857339
1857378
1857379
1857436
1857437
1857438
1857439
1857478
1859330
1859331
1859332
1859333
1859334
1859335
1859336
1859337
1859338
1859339
1859340
1859780
1859781
1859782
1859783
1859784
1859785
1859786
1859787
1859788
1859789
1859790
1859791
1859792
1859793
1859794
1859795
1859796
1859797
1859798
1859799
1861395
1861396
1861397
1861398
1861399
1862731
1862732
1862733
1862741
1862753
1862754
1862755
1862756
1862757
1862758
1862759
1867000
1867001
1867002
1867003
1867004
1867005
1867006
1867007
1867008
1867009
1867020
1867021
1867022
1867023
1867030
1867031
1867032
1867033
1867034
1867035
1867036
1867037
1867038
1867039
1867041
1867049
1867070
1867071
1867072
1867073
1867074
1867075
1867076
1867077
1867078
1867079
1867080
1867081
1867082
1867083
1867084
1867085
1867086
1867087
1867088
1867089
1867090
1867091
1867092
1867093
1867094
1867095
1867096
1867097
1867098
1867099
1867320
1867321
1867322
1867323
1867324
1867325
1867326
1867327
1867328
1867329
1867330
1867331
1867332
1867333
1867334
1867335
1867336
1867337
1867338
1867339
1867435
1867436
1867437
1867438
1867439
1867445
1867446
1867448
1867449
1867480
1867481
1867482
1867483
1867484
1867485
1867486
1867487
1867488
1867489
1868453
1868454
1868455
1868456
1868464
1868465
1868466
1868467
1868468
1868469
1868470
1868471
1868472
1868473
1868474
1868475
1868476
1868477
1868478
1868479
1868480
1868481
1868482
1868483
1868484
1868485
1868486
1868487
1868488
1868489
1868490
1868491
1868492
1868493
1868494
1868495
1868496
1868497
1868498
1868499
1869220
1869221
1869222
1869223
1869224
1869225
1869226
1869227
1869228
1869229
1869230
1869231
1869232
1869233
1869240
1869241
1869242
1869243
1869260
1869261
1869262
1869263
1869264
1869265
1869266
1869267
1760731
1760732
1760733
1760741
1760840
1760841
1760842
1760843
1760844
1760845
1760846
1760847
1760848
1760849
1767300
1767301
1767302
1767303
1767304
1767305
1767306
1767307
1767308
1767309
1767310
1767311
1767312
1767313
1767314
1767315
1767316
1767317
1767318
1767319
1767320
1767321
1767322
1767323
1767324
1767325
1768000
1768001
1768003
1768004
1768005
1768006
1768007
1768008
1768009
1768010
1768011
1768012
1768013
1768014
1768015
1768016
1768017
1768018
1768019
1768020
1768021
1768022
1768023
1768024
1768025
1768031
1768032
1768033
1768060
1768061
1768062
1768063
1768064
1768065
1768066
1768067
1768068
1768069
1452731
1452732
1452733
1452741
1452742
1452748
1452749
1452750
1452751
1452752
1452753
1453730
1453731
1453732
1453733
1453734
1453735
1453737
1453738
1453741
1453748
1453749
1453750
1453751
1453752
1453753
1453754
1453755
1453756
1453757
1453758
1453759
1454500
1454506
1454508
1454510
1454511
1454512
1458684
1458685
1458686
1458687
1458688
1458793
1458794
1458795
1458796
1458797
1458798
1458799
1459731
1459732
1459733
1459737
1459738
1459739
1470731
1470732
1470733
1470740
1470741
1470748
1470749
1472690
1472691
1472692
1472693
1472694
1472695
1472696
1472697
1472698
1472699
1476562
1477301
1477302
1477303
1477310
1477311
1477312
1477313
1477314
1477315
1477316
1477317
1477318
1477319
1477320
1477321
1477322
1477323
1477324
1477330
1477331
1477332
1477333
1478940
1478941
1478942
1478943
1478944
1478945
1478946
1478947
1478948
1478949
1478952
1478953
1478954
1478955
1478956
1478957
1478958
1478959
1478970
1478971
1478972
1478973
1478974
1478975
1478976
1478977
1478978
1478979
1478980
1478981
1478982
1478983
1478984
1478985
1478986
1478987
1478988
1478989
1478990
1478991
1478992
1478993
1478994
1478995
1478996
1478997
1478998
1478999
1536409
1807322
1570078
1822978
1847332
1889009
1768002
1390073